0.217729 1
0.000003 2
0.000033 3
0.000085 4
0.000027 5
0.000029 6
0.000590 7
0.000631 8
0.001749 9
0.000243 10
0.000109 11
0.000236 12
0.000056 13
0.000288 14
0.000356 15
0.002414 16
0.000641 17
0.000109 18
0.000047 19
0.000278 20
0.001561 21
0.000344 22
0.000406 23
0.000773 24
0.000332 25
0.000015 26
0.001474 27
0.000080 28
0.000223 29
0.000609 30
0.000821 31
0.000081 32
0.001523 33
0.000037 34
0.000208 35
0.001029 36
0.000257 37
0.000979 38
0.000559 39
0.000520 40
0.000291 41
0.001395 42
0.000175 43
0.000490 44
0.000072 45
0.001395 46
0.000835 47
0.000393 48
0.001263 49
0.001076 50
0.000591 51
0.001734 52
0.000023 53
0.000030 54
0.000572 55
0.000129 56
0.000629 57
0.001361 58
0.000791 59
0.000456 60
0.001235 61
0.000679 62
0.001257 63
0.000076 64
0.000110 65
0.001333 66
0.000193 67
0.000525 68
0.001111 69
0.000971 70
0.000764 71
0.001218 72
0.000080 73
0.000452 74
0.000806 75
0.000690 76
0.001321 77
0.000002 78
0.001329 79
0.000287 80
0.001774 81
0.000534 82
0.000541 83
0.000057 84
0.000080 85
0.001300 86
0.002162 87
0.000887 88
0.000265 89
0.000138 90
0.000214 91
0.001480 92
0.000072 93
0.001173 94
0.001114 95
0.000482 96
0.000216 97
0.001153 98
0.000879 99
0.000961 100
0.000629 101
0.000684 102
0.000082 103
0.000671 104
0.000625 105
0.001340 106
0.001107 107
0.002246 108
0.001550 109
0.000608 110
0.001052 111
0.000631 112
0.000179 113
0.002064 114
0.000945 115
0.000185 116
0.001452 117
0.000275 118
0.001896 119
0.001238 120
0.000336 121
0.000516 122
0.001112 123
0.000390 124
0.000917 125
0.001613 126
0.001249 127
0.000900 128
0.000135 129
0.001207 130
0.001688 131
0.001243 132
0.000247 133
0.000018 134
0.002162 135
0.000323 136
0.001489 137
0.000565 138
0.000892 139
0.000310 140
0.000516 141
0.001256 142
0.002699 143
0.000695 144
0.000545 145
0.000037 146
0.000331 147
0.001222 148
0.000328 149
0.002323 150
0.001229 151
0.000156 152
0.000376 153
0.000365 154
0.001489 155
0.001572 156
0.000221 157
0.001084 158
0.000587 159
0.000587 160
0.000426 161
0.002004 162
0.001161 163
0.000905 164
0.001405 165
0.000621 166
0.003168 167
0.001326 168
0.000879 169
0.000102 170
0.001432 171
0.001001 172
0.001386 173
0.001708 174
0.000025 175
0.000297 176
0.000076 177
0.002240 178
0.001323 179
0.000001 180
0.001872 181
0.001236 182
0.002001 183
0.000266 184
0.000321 185
0.002274 186
0.001068 187
0.001971 188
0.000557 189
0.001807 190
0.000096 191
0.002150 192
0.000708 193
0.000593 194
0.001543 195
0.000745 196
0.001271 197
0.001056 198
0.000068 199
0.000746 200
0.002394 201
0.000949 202
0.000221 203
0.000127 204
0.001355 205
0.001478 206
0.000610 207
0.000519 208
0.001731 209
0.001614 210
0.001621 211
0.000067 212
0.005020 213
0.000520 214
0.000067 215
0.001758 216
0.002594 217
0.001535 218
0.000879 219
0.000529 220
0.001918 221
0.002140 222
0.000238 223
0.002137 224
0.001167 225
0.000189 226
0.002799 227
0.000162 228
0.000317 229
0.001833 230
0.002796 231
0.000673 232
0.000501 233
0.001540 234
0.002136 235
0.000449 236
0.000457 237
0.000973 238
0.000343 239
0.002308 240
0.002961 241
0.000956 242
0.000874 243
0.000368 244
0.002736 245
0.001918 246
0.000986 247
0.000828 248
0.000401 249
0.002119 250
0.000139 251
0.001697 252
0.002649 253
0.000459 254
0.000510 255
0.000373 256
0.000147 257
0.001754 258
0.001869 259
0.001365 260
0.000095 261
0.000276 262
0.003972 263
0.000001 264
0.001077 265
0.001432 266
0.001414 267
0.000897 268
0.001531 269
0.001960 270
0.000193 271
0.002529 272
0.000237 273
0.001531 274
0.007197 275
0.002861 276
0.000687 277
0.002859 278
0.000496 279
0.002270 280
0.003034 281
0.000319 282
0.000705 283
0.001526 284
0.000021 285
0.002948 286
0.001097 287
0.001338 288
0.000132 289
0.000808 290
0.000556 291
0.004261 292
0.000609 293
0.006086 294
0.000832 295
0.000674 296
0.001268 297
0.001997 298
0.000950 299
0.000470 300
0.002143 301
0.004651 302
0.000447 303
0.005040 304
0.000307 305
0.000628 306
0.001931 307
0.001491 308
0.000547 309
0.001757 310
0.000029 311
0.000815 312
0.001905 313
0.000392 314
0.002716 315
0.000673 316
0.000304 317
0.001189 318
0.002378 319
0.001450 320
0.002129 321
0.000056 322
0.000200 323
0.002993 324
0.001403 325
0.000808 326
0.000001 327
0.000094 328
0.003925 329
0.000955 330
0.000527 331
0.003723 332
0.001361 333
0.001375 334
0.001699 335
0.001826 336
0.000216 337
0.000018 338
0.005366 339
0.000563 340
0.000122 341
0.002088 342
0.000323 343
0.003820 344
0.002052 345
0.000200 346
0.000561 347
0.000333 348
0.001907 349
0.003619 350
0.000942 351
0.000391 352
0.001235 353
0.000294 354
0.003471 355
0.000817 356
0.003082 357
0.000345 358
0.004597 359
0.000825 360
0.000124 361
0.000778 362
0.000283 363
0.002534 364
0.001647 365
0.000771 366
0.004032 367
0.001021 368
0.001659 369
0.000561 370
0.000728 371
0.000023 372
0.001005 373
0.002952 374
0.001274 375
0.000358 376
0.000169 377
0.000941 378
0.000686 379
0.003182 380
0.000423 381
0.001669 382
0.001075 383
0.002007 384
0.002006 385
0.001608 386
0.000327 387
0.000836 388
0.001083 389
0.001596 390
0.001987 391
0.000558 392
0.000377 393
0.003339 394
0.000458 395
0.000216 396
0.004266 397
0.000057 398
0.001507 399
0.000118 400
0.000429 401
0.000737 402
0.002987 403
0.000938 404
0.002308 405
0.000763 406
0.000277 407
0.002889 408
0.001603 409
0.000763 410
0.000280 411
0.001921 412
0.001660 413
0.002974 414
0.001412 415
0.000477 416
0.001106 417
0.001564 418
0.001395 419
0.003895 420
0.001325 421
0.001334 422
0.001072 423
0.000403 424
0.000055 425
0.000370 426
0.002020 427
0.001129 428
0.002364 429
0.000573 430
0.000702 431
0.000109 432
0.000159 433
0.001101 434
0.002618 435
0.000032 436
0.002157 437
0.000357 438
0.000591 439
0.000758 440
0.001682 441
0.001084 442
0.001129 443
0.003686 444
0.000507 445
0.000353 446
0.004055 447
0.000486 448
0.001042 449
0.001596 450
0.000155 451
0.002494 452
0.000791 453
0.001852 454
0.000318 455
0.002798 456
0.000664 457
0.001783 458
0.001220 459
0.002202 460
0.000372 461
0.000555 462
0.000602 463
0.000565 464
0.003336 465
0.000317 466
0.000321 467
0.001840 468
0.001108 469
0.000374 470
0.002876 471
0.000407 472
0.001272 473
0.001330 474
0.001335 475
0.002611 476
0.000444 477
0.001099 478
0.001038 479
0.001358 480
0.002187 481
0.000394 482
0.001161 483
0.002140 484
0.001863 485
0.000079 486
0.001237 487
0.004328 488
0.000820 489
0.001180 490
0.000424 491
0.001589 492
0.002810 493
0.002726 494
0.000024 495
0.000073 496
0.000898 497
0.002997 498
0.004401 499
0.001732 500
0.001195 501
0.000453 502
0.004921 503
0.002971 504
0.001294 505
0.005202 506
0.001846 507
0.001611 508
0.004214 509
0.003674 510
0.007783 511
0.008526 512
